[0;5;37;47m                     [0;1;37;47mS[0;5;31;40mS[0;30;41m8[0;31;40m8[0;30;41m8[0;1;30;41m88888@[0;30;41mt[0;1;30;41m%[0;33;41mt[0;1;30;41m%[0;33;41mt[0;5;33;40mt[0;1;37;47mS[0;5;37;47m                   [0m
[0;5;37;47m  .  . .  .  . @[0;1;30;47m;8888[0;5;37;40m;[0;1;30;41m@[0;30;41mtSS[0;1;30;41mSX@[0;35;41m8[0;5;35;40mt[0;5;33;40mt[0;5;33;41m8[0;5;35;40m:[0;1;31;41m8[0;33;41m8[0;1;31;41mS[0;1;30;43m8[0;35;47m8[0;33;47mX[0;1;30;47m8[0;1;37;47m [0;5;37;47m@   .  . .  . . [0m
[0;5;37;47m   .       @[0;1;30;47m;88[0;5;35;40m [0;1;30;41m@[0;30;41mSXS;[0;33;41mtS@@[0;1;30;41m8[0;1;30;43m8[0;1;31;45m8[0;37;43m8[0;5;37;41m8[0;1;33;47m@[0;1;35;47m8[0;1;33;47m@[0;1;31;47mX[0;1;33;47mX[0;33;47mS[0;1;31;47mS88[0;1;31;43m8[0;1;31;47m8[0;5;33;41mX[0;1;30;47mX88[0;1;37;47m [0;5;37;47m@      .    [0m
[0;5;37;47m     .  .;8[0;1;30;47mX[0;1;30;41m8[0;30;41mSSS888X[0;1;30;41mS[0;33;41m%[0;1;31;41m8[0;1;30;45m8[0;5;33;41m [0;33;47m@[0;1;31;47m@[0;1;33;47mS[0;1;31;47mXS@8[0;1;33;47mS[0;1;37;47m [0;5;37;47m8[0;5;1;33;47m8[0;5;37;47m8[0;5;1;33;47m8[0;5;37;47m88[0;1;33;47m%%[0;5;33;41mt[0;1;30;43m8[0;5;31;41mS[0;1;30;43m8[0;1;37;47m [0;5;37;47m8t       . [0m
[0;5;37;47m .     :%[0;1;37;47m.[0;5;35;40m:[0;1;30;41mt[0;30;41m88[0;31;40m8[0;30;41m8[0;31;40m8[0;30;41m@[0;1;30;41m%[0;33;41mtt[0;1;30;41m8[0;5;33;41m8[0;33;47m8[0;1;31;47m@XSX[0;1;33;47mS[0;5;37;41m8[0;1;37;47m [0;5;37;43m8[0;1;37;47m [0;5;1;33;47m8[0;1;37;47m [0;5;1;33;47m8[0;5;37;47m8[0;5;37;43m8[0;5;37;47m8[0;5;1;37;43m8[0;5;37;47m8[0;1;37;47m.[0;5;37;47m8[0;1;33;47m%[0;1;37;47m [0;5;37;41m8[0;5;33;41m%[0;1;30;47m8[0;1;37;47m:[0;5;37;47mS:   .   [0m
[0;5;37;47m   . :%[0;1;37;47m:[0;5;35;40m:[0;1;30;41mt[0;30;41mX8[0;31;40m8[0;30;41m88@[0;1;30;41mS[0;33;41mt%[0;1;30;41m%[0;33;41m8[0;5;31;41m@[0;5;33;40m.[0;5;33;41m [0;1;33;47mS[0;1;31;47mX[0;1;33;47mX[0;5;1;35;41m8[0;1;33;47mS[0;1;37;47m [0;5;1;37;43m8[0;5;1;35;47m8[0;5;1;37;43m8[0;5;37;47m8[0;5;1;37;43m8[0;5;37;47m8[0;5;37;43m8[0;5;37;47m8[0;5;1;33;47m8[0;5;37;47m8[0;5;37;43m8[0;5;37;47m8[0;5;1;37;43m8[0;5;37;47m8[0;5;1;33;47m8[0;1;37;47m  [0;5;33;41m [0;33;47m8[0;5;33;40m.[0;5;37;47m88:     [0m
[0;5;37;47m  .  [0;1;37;47m8[0;5;37;40mS[0;1;30;41m8[0;30;41m%[0;31;40m8[0;30;41m8[0;31;40m8[0;30;41m88S[0;1;30;41m@[0;33;41mt[0;1;30;41mS[0;33;41mX[0;5;31;41m8[0;5;33;40m:[0;5;37;41m8[0;1;31;47m8[0;1;33;47mS[0;5;37;41m8[0;1;35;47m%[0;5;1;33;41m8[0;1;37;47m [0;5;37;41m8[0;1;37;47m [0;5;1;37;43m8[0;5;37;47m8[0;5;1;37;43m8[0;5;1;37;45m8[0;5;1;37;43m8[0;5;37;47m88[0;5;1;37;43m8[0;5;37;45m8[0;5;1;37;43m8[0;5;37;47m8[0;5;1;37;43m8[0;5;37;47m8[0;5;37;43m8[0;5;37;47m8[0;5;1;37;43m8[0;1;35;47mS[0;1;33;47m8[0;5;37;41m88[0;5;33;41m8[0;1;30;47m8[0;5;37;47m8.  . [0m
[0;5;37;47m   X[0;1;30;47m:[0;5;35;40m [0;1;30;41m@[0;30;41mX8[0;31;40m8[0;30;41m8[0;31;40m88[0;30;41m@[0;1;30;41m@[0;33;41mttS[0;1;30;41m8[0;5;33;41mtS[0;33;47m8[0;5;37;41m8[0;1;35;47m%[0;5;37;43m8[0;1;31;47m8[0;1;37;47m [0;5;37;41m8[0;1;37;47m [0;5;1;33;41m8[0;5;37;47m88[0;5;37;43m8[0;5;37;47m8[0;5;1;37;43m8[0;5;37;45m8[0;5;1;37;43m@[0;5;37;47m8[0;5;1;37;43m8[0;5;37;47m8[0;5;1;37;43m8[0;5;1;37;45m8[0;5;1;37;43m8[0;5;37;47m88[0;5;37;43m8[0;5;1;35;41m8[0;1;33;47m%[0;1;31;47mSX[0;5;33;41m@[0;5;35;40m%[0;1;31;47m8[0;1;37;47m.[0;5;37;47mX.  [0m
[0;5;37;47m   [0;1;37;47m%[0;5;31;40mS[0;30;41m;8[0;31;40m8[0;30;41m8[0;31;40m8[0;30;41m888[0;1;30;41mS[0;30;41m%[0;33;41mS[0;1;30;41m%[0;33;41mS[0;5;33;41m8[0;5;35;40m [0;5;31;41m:[0;1;31;47m888SSX[0;5;37;43m8[0;5;1;31;45m8[0;5;37;47m8[0;5;1;33;41m@[0;5;37;47m8[0;5;1;33;47m8[0;5;37;47m8[0;5;1;37;43m8[0;5;1;33;47m8[0;5;37;47m8[0;5;1;37;43m8[0;5;37;47m8[0;5;1;37;43m8[0;5;37;47m8[0;5;37;43m8[0;5;37;47m8[0;5;37;43m8[0;5;1;37;45m8[0;5;37;43m8[0;1;37;47m [0;5;37;41m88[0;1;31;47m8[0;5;33;41m%@[0;33;41m8[0;5;31;41m@[0;1;30;47m@[0;1;37;47m [0;5;37;47mX [0m
[0;5;37;47m ;8[0;1;30;47mX[0;1;30;41m8[0;30;41m88[0;31;40m8[0;30;41m8[0;31;40m88[0;30;41m8[0;1;30;41m8XX[0;33;41mt[0;1;30;41mSS[0;5;31;41m8[0;37;43m8[0;5;31;41mX[0;1;30;43m8[0;1;31;47mX[0;1;33;47mS[0;5;37;41m8[0;1;37;47m [0;5;1;33;41m8[0;5;37;45m8[0;5;37;43m8[0;5;37;41m8[0;1;35;47m%[0;5;1;33;41m@[0;1;35;47mS[0;5;1;37;43m8[0;5;1;37;45m8[0;5;1;37;43m8[0;5;37;47m8[0;5;37;43m8[0;5;1;37;45m8[0;5;1;37;43m8[0;5;37;47m88[0;5;1;31;43m8[0;5;37;47m8[0;5;1;33;41m8[0;5;37;45m8[0;5;1;31;43m8[0;1;35;47mS[0;5;33;41m [0;1;30;43m8[0;5;35;41m%[0;1;30;47m8[0;5;33;41m;[0;5;33;40m [0;5;31;41mX[0;1;30;43m8[0;5;37;47m8:[0m
[0;5;37;47m [0;1;37;47mX[0;5;35;40m [0;1;30;41mS[0;30;41mX[0;31;40m8[0;30;41m8[0;31;40m8[0;30;41m8[0;31;40m8[0;30;41m88[0;1;30;41m%S[0;33;41mt[0;1;30;41mS[0;33;41mtX[0;35;41m8[0;5;33;41m%[0;5;37;40m.[0;5;35;41m [0;1;31;47mSX[0;1;33;47mS[0;5;1;35;41m8[0;5;37;47m8[0;5;1;33;41m8[0;1;35;47m%[0;5;37;43m8[0;5;1;35;41m8[0;1;37;47m.[0;5;1;33;41m8[0;1;37;47m [0;5;37;43m8[0;5;37;47m8[0;5;1;31;43m8[0;5;37;47m8[0;5;1;33;47m8[0;1;35;47m%[0;5;1;37;43m8[0;5;1;37;45m8[0;5;37;43m8[0;5;1;31;45m8[0;1;33;47mS[0;1;31;47m@[0;1;33;47mS[0;5;37;41m88[0;5;33;41m%[0;1;30;43m8[0;5;35;41m.[0;1;37;47m [0;1;31;47m8[0;1;30;43m8[0;5;35;41mS[0;1;37;47mX[0;5;37;47mX[0m
[0;5;37;47mX[0;1;37;47m.[0;5;31;40mX[0;30;41mS8[0;31;40m8[0;30;41m8[0;31;40m8[0;30;41m8[0;31;40m8[0;30;41m88S[0;33;41mS[0;1;30;41mS[0;33;41mt[0;1;30;41m%[0;33;41mX[0;31;43m8[0;5;35;41m%[0;5;33;41m%[0;33;47m8[0;5;31;41m [0;5;37;41m8[0;1;31;47m@[0;5;37;43m8[0;1;31;47m@[0;1;37;47m [0;5;37;41m8[0;1;37;47m [0;5;37;43m8[0;5;1;31;45m8[0;1;37;47m [0;5;1;33;41m8[0;5;37;45m8[0;5;1;33;41m8[0;5;1;35;47m8[0;5;37;41m8[0;1;31;47mX[0;5;1;31;43m8[0;5;37;45m8[0;5;1;31;43m8[0;1;35;47mS[0;5;37;43m8[0;5;37;41m8[0;1;31;47mS[0;5;37;41m@[0;5;33;41m.[0;1;30;43m8[0;5;35;41m%[0;1;31;43m8[0;1;30;47m8[0;1;33;47mX[0;1;37;47m:[0;1;33;47mS[0;1;31;47m@[0;1;31;43m8[0;1;30;41m8[0m
[0;1;30;41m@@8@[0;31;40m8[0;30;41m8[0;31;40m8[0;30;41m8[0;31;40m8[0;30;41m8[0;31;40m8[0;30;41m8[0;1;30;41m@X[0;30;41m%[0;33;41m%[0;1;30;41mSt8[0;1;30;43m8[0;5;31;41m@[0;5;35;41m8[0;1;30;43m8[0;5;33;41m [0;1;37;47m [0;5;37;41m8[0;1;33;47m%[0;5;37;41m8[0;1;37;47m [0;5;1;33;41m@[0;1;35;47mS[0;5;37;43m8[0;1;35;47m@[0;5;37;43m8[0;1;35;47m@[0;1;33;47m@[0;5;37;41m8[0;1;37;47m [0;1;31;47mS[0;1;37;47m [0;5;1;33;41m8[0;1;37;47m [0;5;37;41m8[0;1;37;47m [0;5;37;41m8[0;1;31;47mX[0;5;33;41m [0;1;30;43m8[0;5;31;41m8[0;5;33;40m;[0;5;31;41m%[0;1;31;47m8[0;1;37;47m [0;5;1;33;47m8[0;5;37;47m8[0;1;33;47m@[0;5;31;41m8[0;1;30;41m8[0m
[0;31;40m8[0;30;41m8[0;1;30;41m8[0;30;41m88[0;31;40m8[0;30;41m8[0;31;40m8[0;30;41m8[0;31;40m8[0;30;41m8[0;31;40m88[0;30;41m8[0;1;30;41m@[0;33;41mtt%;[0;35;41mS[0;1;30;43m8[0;5;33;41mt[0;1;30;47m8[0;5;31;41m;[0;5;33;41mt[0;1;31;47m@@[0;1;33;47mS[0;5;1;35;41m8[0;5;37;47m8[0;5;1;33;41m@[0;1;35;47mX[0;5;1;33;41m8[0;1;35;47m@[0;5;1;33;41m8[0;1;35;47mS[0;5;37;43m8[0;5;1;35;41m8[0;5;37;43m8[0;5;1;31;45m8[0;1;37;47m.[0;5;1;31;43m8[0;1;37;47m [0;5;1;35;41m@[0;5;37;43m8[0;5;35;41m [0;5;33;40m:[0;5;31;41m8[0;5;33;40mS[0;5;31;41mt[0;1;30;47m8[0;1;33;47m@[0;1;37;47m [0;5;1;33;47m8[0;5;37;47m8[0;1;33;47m@[0;5;31;41m8[0;1;30;41m@[0m
[0;31;40m8[0;30;41m8[0;1;30;41m88[0;31;40m8[0;30;41m8[0;31;40m8[0;30;41m8[0;31;40m8[0;30;41m8[0;31;40m8[0;30;41m8[0;31;40m8[0;30;41m8@S[0;1;30;41m@[0;33;41mt%%[0;1;31;41m@[0;5;33;40mX[0;5;31;41m;[0;1;30;43m8[0;5;35;41mS[0;1;31;43m8[0;5;37;41m88[0;5;1;33;41m8[0;1;31;47m8S[0;1;33;47mX[0;1;35;47m@[0;5;1;31;43m8[0;1;37;47m [0;5;37;41m8[0;1;37;47m [0;5;37;43m8[0;5;37;45m8[0;5;37;43m@[0;5;1;35;41m@[0;1;31;47m@[0;5;1;33;41m@[0;1;31;47m8[0;5;31;41mS[0;5;33;40mS[0;1;31;41m@[0;1;30;41m8[0;5;31;41m@[0;33;47m8[0;5;37;41m8[0;1;37;47m [0;5;1;37;43m8[0;5;37;47m8[0;5;1;37;43m8[0;1;35;47mX[0;1;30;43m8[0;35;41mt[0m
[0;31;40m8[0;30;41m88[0;5;35;40m8[0;30;41m@88[0;31;40m8[0;30;41m8[0;31;40m8[0;30;41m8[0;31;40m8[0;30;41m8[0;31;40m8[0;30;41m88@%[0;1;30;41m%S[0;33;41m%[0;35;41mt[0;33;41m8[0;5;31;41m8[0;5;37;40mt[0;5;33;41m:X[0;35;47m8[0;5;31;41mt[0;5;33;41mS[0;1;31;47m8[0;5;33;41m [0;1;31;47m8[0;5;37;41m88888[0;5;1;33;41m@[0;5;37;41m8[0;5;33;41m;X[0;1;30;45m8[0;5;31;41m8[0;1;30;41m8[0;33;41m%X8[0;1;31;47m88[0;1;33;47mS[0;1;37;47m [0;5;1;33;47m8[0;5;1;35;47m8[0;5;1;37;43m8[0;1;31;47mS[0;1;31;45m8[0;5;31;40m8[0m
[0;5;31;40mS[0;5;35;40m@[0;1;30;41mX[0;30;41m@[0;5;35;40m8[0;1;30;41m@[0;30;41m88[0;31;40m8[0;30;41m8[0;31;40m8[0;30;41m8[0;31;40m8[0;30;41m8[0;31;40m88[0;30;41m88[0;1;30;41mS[0;33;41mt[0;1;30;41m%[0;33;41mS[0;1;30;41m@[0;33;41m@[0;5;31;41m8[0;5;33;40m [0;5;33;41mX8[0;5;33;40m.[0;5;33;41mt[0;1;30;43m8[0;5;35;41m:[0;37;43m8[0;5;31;41m:[0;5;33;41mX%%[0;5;35;41mX[0;1;30;43m8[0;5;35;41mt[0;5;33;40m [0;5;33;41m@[0;33;41m@[0;1;30;41mS[0;33;41m%[0;1;30;41m@[0;5;31;41mX[0;1;30;47m8[0;1;31;47m8[0;1;33;47m%[0;5;37;47m8[0;5;1;37;43m8[0;5;37;47m8[0;5;37;43m8[0;5;37;47m8[0;1;33;47m@[0;31;45m8[0;1;30;41m@[0m
[0;5;37;47mX[0;1;37;47m [0;5;31;40mS[0;30;41m@X[0;5;31;40mS[0;1;30;41m88[0;31;40m8[0;30;41m8[0;31;40m8[0;30;41m8[0;31;40m8[0;30;41m8[0;31;40m8[0;30;41m8[0;31;40m888[0;30;41m@[0;1;30;41mS[0;33;41mt[0;1;30;41mtX[0;33;41m@S[0;1;30;41m8[0;1;31;41mX[0;1;31;43m8[0;1;30;45m8[0;5;33;41m:[0;5;33;40m:[0;5;31;41m:[0;5;33;40m.[0;5;33;41mX[0;5;37;40m%[0;5;33;41m@[0;5;35;40m [0;5;31;41m [0;1;30;43m8[0;5;31;41m8[0;1;30;41m8[0;30;41mSX[0;1;30;41m%[0;31;43m8[0;1;30;47m8[0;1;31;47m8[0;1;33;47mX[0;5;37;41m8[0;5;37;47m8[0;5;1;37;43m8[0;5;1;37;45m8[0;5;37;43m8[0;5;1;35;41m8[0;1;33;47m8[0;35;41m8[0;1;30;41m8[0m
[0;5;37;47m [0;1;37;47mS[0;5;35;40m%[0;30;41mX[0;1;30;41m88[0;35;41m8[0;1;30;41m88[0;30;41m888[0;31;40m8[0;30;41m8[0;31;40m8[0;30;41m8[0;31;40m8[0;30;41m88[0;31;40m8[0;30;41m8[0;31;40m8[0;30;41m8X[0;1;30;41m%%t@[0;33;41m%X[0;1;30;41m8[0;1;31;41mX[0;1;30;41m8[0;33;41mX[0;1;30;41m8[0;1;31;41mS[0;1;30;41m8[0;1;31;41mX[0;5;31;40m8[0;1;30;41mS%[0;30;41m8[0;1;30;41m@[0;33;41mX@[0;5;35;41m;[0;1;33;47m%[0;1;31;47mS[0;5;37;47m8[0;5;1;33;47m8[0;1;37;47m [0;5;1;37;43m8[0;5;37;41m8[0;1;31;47mS[0;5;1;33;41m@[0;5;35;41m@[0;5;33;40m;[0;5;35;40m8[0m
[0;5;37;47m [0;1;37;47mS[0;5;33;40m@[0;30;41m@@[0;5;35;40m8[0;30;41m8[0;5;31;40mX[0;35;41m8[0;5;31;40mS[0;1;30;41m8[0;30;41m88[0;31;40m8[0;30;41m8[0;31;40m8[0;30;41m8[0;31;40m8[0;30;41m8[0;31;40m88[0;30;41m8[0;31;40m8[0;30;41m88X@XX%SXS%S@XXSXS[0;33;41mSS[0;5;35;41m8[0;1;30;47m@[0;1;33;47mX[0;5;37;41m8[0;1;33;47m%[0;5;37;41m8[0;1;37;47m [0;5;1;33;41m8[0;5;37;45m8[0;5;1;33;41m8[0;5;35;41m.[0;5;35;40m;[0;1;30;43m8[0;1;37;47m [0;5;37;47m8[0m
[0;5;37;47m @[0;1;37;47m [0;5;35;40m.[0;1;30;41m@[0;30;41m@[0;1;30;41m88[0;31;40m8[0;31;45m8[0;5;31;40m8[0;1;30;41m88[0;30;41m8[0;1;30;41m8[0;31;40m8[0;30;41m8[0;31;40m8[0;30;41m8[0;31;40m8[0;30;41m8[0;31;40m8[0;30;41m8[0;31;40m8[0;30;41m8[0;31;40m8[0;30;41m8[0;31;40m8[0;30;41m8[0;31;40m88[0;30;41m8[0;31;40m88[0;30;41m88[0;1;30;41mX[0;30;41m8S[0;1;30;41m8[0;33;41mX[0;1;30;41m8[0;33;47m8[0;5;37;41m8[0;1;31;47mXX[0;5;37;41m88888[0;5;33;41m;[0;5;33;40m [0;5;31;41m8[0;1;30;41m8[0;1;30;45m8[0;5;37;47m8t[0m
[0;5;37;47m   %[0;1;37;47m.[0;5;35;40m 8[0;30;41m@[0;5;31;40mS[0;30;41m@[0;5;31;40mS[0;30;41m@[0;1;30;45mt[0;30;41m8[0;5;31;40mS[0;1;30;41m8[0;30;41m@[0;1;30;41m8[0;30;41m888[0;31;40m8[0;30;41m8[0;31;40m8[0;30;41m8[0;31;40m8[0;30;41m8[0;31;40m88[0;30;41m8[0;31;40m8[0;30;41m8[0;1;30;41mX[0;30;41m8[0;1;30;41mX[0;30;41m@[0;1;30;41m8[0;33;41mX@X[0;5;31;41m@[0;5;33;41mS[0;1;31;47m88[0;5;33;41mt[0;33;47m8[0;5;31;41mS[0;5;33;41m8[0;5;31;41m8[0;31;43m8[0;35;41m@[0;31;43m8[0;35;41mX[0;5;33;40mt[0;1;30;47m8[0;1;37;47m [0;5;37;47m@ [0m
[0;5;37;47m     8[0;5;35;40m [0;5;31;40m8[0;35;41m@[0;1;30;41m8[0;30;41m8[0;1;30;41m888[0;35;41m@[0;5;31;40m@[0;1;30;41m88[0;5;31;40mS[0;1;30;41m8[0;30;41m88888888@@@8[0;1;30;41m88S[0;33;41m%t[0;1;30;41mt[0;33;41m@[0;5;35;41m8[0;1;30;43m8[0;5;35;41m8[0;31;43m@[0;1;31;41m8[0;5;31;40m8[0;1;31;41mt[0;1;30;41m@@@%[0;33;41m%[0;1;30;41m8[0;5;35;40mt[0;1;30;47m8[0;5;37;47m8: .[0m
[0;5;37;47m .   :t[0;1;37;47m;[0;5;35;40m;[0;1;30;41m8[0;5;31;40m@[0;30;41m8[0;5;31;40mX[0;30;41m8[0;5;31;40mX[0;30;41m8[0;35;41m8[0;31;40m8[0;35;41m8[0;5;31;40m@[0;1;30;41m88[0;5;31;40m@[0;1;30;41m88[0;5;31;40m@[0;1;30;41m88XX@X%SS[0;33;41mt[0;1;30;41mS[0;33;41m%[0;1;30;41m@[0;33;41m@[0;1;30;41m8[0;33;41mX[0;1;30;41m8[0;33;41mX[0;1;30;41m%[0;33;41m%[0;1;30;41mSX@@@[0;5;33;40m;[0;1;37;47m [0;5;37;47mS;.  [0m
[0;5;37;47m    .  ;SXX[0;1;37;47m%[0;5;35;40mX[0;1;30;41m88[0;5;31;40m@[0;5;30;40m8[0;1;30;41m88[0;30;41m8[0;5;31;40mS[0;30;41m8[0;35;41m8[0;31;40m8[0;5;31;40mS[0;30;41m@[0;1;30;41m8[0;30;41m8[0;1;30;41m8@[0;30;41mX[0;1;30;41m@[0;30;41m@[0;1;30;41m@[0;30;41m@[0;1;30;41m@%%[0;33;41mt[0;1;30;41mt[0;33;41mt[0;1;30;41mS@888@[0;5;33;40m%[0;1;37;47m.[0;5;37;47mX@S:     [0m
[0;5;37;47m  .     .  :S@8@S[0;1;37;47m:[0;5;35;40m8[0;31;40m8888[0;30;41m8[0;31;40m8[0;30;41m8[0;31;40m8888[0;30;41m8[0;31;40m8[0;30;41m8[0;31;40m8[0;30;41m8[0;31;40m88[0;30;41m8888[0;5;31;40mX[0;1;37;47m.[0;5;37;47mXX8@S;  .  .   [0m
